1 0 0 -90 0 180
0.86603 0.5 0.027778 -90 0 180
0.5 0.86603 0.055556 -90 0 180
6.1232e-17 1 0.083333 -90 0 180
-0.5 0.86603 0.11111 -90 0 180
-0.86603 0.5 0.13889 -90 0 180
-1 1.2246e-16 0.16667 -90 0 180
-0.86603 -0.5 0.19444 -90 0 180
-0.5 -0.86603 0.22222 -90 0 180
-1.837e-16 -1 0.25 -90 0 180
0.5 -0.86603 0.27778 -90 0 180
0.86603 -0.5 0.30556 -90 0 180
1 -2.4493e-16 0.33333 -90 0 180
0.86603 0.5 0.36111 -90 0 180
0.5 0.86603 0.38889 -90 0 180
1.1943e-15 1 0.41667 -90 0 180
-0.5 0.86603 0.44444 -90 0 180
-0.86603 0.5 0.47222 -90 0 180
-1 3.6739e-16 0.5 -90 0 180
-0.86603 -0.5 0.52778 -90 0 180
-0.5 -0.86603 0.55556 -90 0 180
1.3477e-15 -1 0.58333 -90 0 180
0.5 -0.86603 0.61111 -90 0 180
0.86603 -0.5 0.63889 -90 0 180
1 -4.8986e-16 0.66667 -90 0 180
0.86603 0.5 0.69444 -90 0 180
0.5 0.86603 0.72222 -90 0 180
5.5109e-16 1 0.75 -90 0 180
-0.5 0.86603 0.77778 -90 0 180
-0.86603 0.5 0.80556 -90 0 180
-1 6.1232e-16 0.83333 -90 0 180
-0.86603 -0.5 0.86111 -90 0 180
-0.5 -0.86603 0.88889 -90 0 180
-2.4499e-15 -1 0.91667 -90 0 180
0.5 -0.86603 0.94444 -90 0 180
0.86603 -0.5 0.97222 -90 0 180
1 -7.3479e-16 1 -90 0 180

